function out = get_maple_SS(scenario) 

% This function calculates 3LP equations in the single support phase
% Author:         Salman Faraji
% Date:           March 2018
% Available from: https://biorob.epfl.ch/research/humanoid/walkman
% © All rights reserved. ECOLE POLYTECHNIQUE FEDERALE DE LAUSANNE, Switzerland
% BIOROB Laboratory, 2018
% Walking3LP must be referenced when used in a published work 
% See the LICENSE.txt file for more details.

out = struct(); 
maple_model; 


A0 = zeros(4,25); 
t4 = h1 ^ 2;
t5 = h2 ^ 2;
t6 = t4 * t5;
t7 = m1 * m2;
t10 = m2 ^ 2;
t11 = t10 * cos_slope;
t13 = t5 * h2;
t17 = h1 * t5;
t21 = t5 ^ 2;
t24 = I2 * t4;
t25 = m1 * cos_slope;
t27 = m2 * cos_slope;
t30 = I2 * h1;
t31 = h2 * m2;
t32 = t31 * cos_slope;
t35 = h3 * m1;
t36 = t35 * cos_theta;
t44 = t17 * h3 * t7 * cos_theta + I2 * I3 * cos_slope + I2 * t5 * t27 + I3 * t5 * t27 - 0.2e1 * h1 * t13 * t11 + t21 * t10 * cos_slope + t6 * t7 * cos_slope + t6 * t11 + t24 * t25 + 0.2e1 * t24 * t27 - 0.2e1 * t30 * t32 + t30 * t36;
t45 = 0.1e1 / t44;
t48 = t5 * t10;
t49 = t48 * cos_slope;
A0(1,1) = t45 * g * h1 * t49;
t50 = Tss * g;
t51 = t50 * t4;
t53 = cos_slope ^ 2;
t54 = m2 * t53;
t56 = t51 * h2 * m1 * t54;
t57 = h2 * t10;
t60 = 0.2e1 * t51 * t57 * t53;
t61 = t50 * h1;
t64 = 0.3e1 * t61 * t48 * t53;
t65 = h1 * h2;
t68 = t35 * t27 * cos_theta;
t69 = t50 * t65 * t68;
t70 = t13 * t10;
t72 = t50 * t70 * t53;
t73 = I3 * Tss;
t74 = t73 * g;
t75 = t31 * t53;
t76 = t74 * t75;
t77 = t56 + t60 - t64 + t69 + t72 + t76;
t78 = 0.1e1 / cos_slope;
t80 = 0.1e1 / Tss;
t81 = t80 * t45;
A0(3,1) = -t77 * t78 * t81;
A0(2,2) = A0(1,1);
t85 = t80 * t78;
A0(4,2) = -t45 * t77 * t85;
t86 = t50 * t17;
t87 = rg * cos_slope;
t88 = t7 * t87;
t89 = t86 * t88;
t90 = t48 * t87;
t92 = 0.2e1 * t61 * t90;
t93 = t5 * m1;
t94 = t93 * t27;
t95 = t61 * t94;
t96 = t61 * t49;
t97 = t70 * cos_slope;
t98 = t50 * t97;
t99 = I2 * Tss;
t100 = t99 * g;
t101 = h1 * m1;
t103 = t100 * t101 * t87;
t104 = h1 * m2;
t107 = 0.2e1 * t100 * t104 * t87;
t109 = t100 * t101 * cos_slope;
t112 = 0.2e1 * t100 * t104 * cos_slope;
t113 = t100 * t32;
t114 = t89 + t92 - t95 - t96 + t98 + t103 + t107 - t109 - t112 + t113;
A0(1,3) = -t45 * t114 * t80;
t118 = t50 * t4 * h2;
t119 = rg * t53;
t120 = t7 * t119;
t121 = t118 * t120;
t122 = t57 * t119;
t124 = 0.2e1 * t51 * t122;
t125 = t86 * t120;
t126 = t48 * t119;
t128 = 0.2e1 * t61 * t126;
t129 = t93 * t54;
t130 = t61 * t129;
t132 = t100 * t101 * t119;
t135 = 0.2e1 * t100 * t104 * t119;
t137 = t100 * t101 * t53;
t140 = 0.2e1 * t100 * t104 * t53;
t141 = t100 * t75;
t142 = -t121 - t124 + t125 + t128 - t130 - t69 + t132 + t135 - t137 - t140 + t141 - t76;
A0(3,3) = -t142 * t78 * t81;
A0(2,4) = -t45 * t114 * t80;
A0(4,4) = -t45 * t142 * t85;
t150 = -t89 - t92 + t95 + 0.2e1 * t96 - t98 - t103 - t107 + t109 + t112 - t113;
A0(1,9) = -t45 * t150 * t80;
t153 = t121 + t124 - t125 - t128 - t56 - t60 + t130 + t64 - t72 - t132 - t135 + t137 + t140 - t141;
A0(3,9) = -t153 * t78 * t81;
A0(2,10) = -t45 * t150 * t80;
A0(4,10) = -t45 * t153 * t85;
t160 = Tss * t4;
t162 = h1 * Tss;
t163 = t5 * m2;
t164 = t162 * t163;
t165 = t99 * h1;
t168 = t45 * (-t160 * t31 + t164 + t165) * t80;
A0(1,11) = -t168;
t169 = t4 * h1;
t170 = Tss * t169;
t174 = t160 * t32;
t177 = t163 * cos_slope;
t178 = t162 * t177;
t180 = h1 * cos_slope;
t181 = t99 * t180;
t185 = (t160 * t36 + t170 * t25 + 0.2e1 * t170 * t27 + t73 * t180 - 0.4e1 * t174 + 0.2e1 * t178 + t181) * t78 * t81;
A0(3,11) = -t185;
A0(2,12) = t168;
A0(4,12) = t185;
t188 = t45 * (-t164 - t165) * t80;
A0(1,13) = -t188;
t191 = (t174 - t178 - t181) * t78 * t81;
A0(3,13) = -t191;
A0(2,14) = t188;
A0(4,14) = t191;
t193 = t162 * t5;
t194 = h4 * m2;
t202 = -t99 * h1 * h4 * cos_theta - t193 * t194 * cos_theta - t99 * t4 * cos_slope - t160 * t177;
A0(1,19) = -t45 * t202 * t80;
t209 = cos_slope * cos_theta;
t210 = t194 * t209;
t218 = -t165 * h4 * cos_slope * cos_theta + t160 * h2 * t210 - t160 * t163 * t53 - t99 * t4 * t53 + t170 * t75 - t193 * t210;
A0(3,19) = -t218 * t78 * t81;
A0(2,20) = -t45 * t202 * t80;
A0(4,20) = -t45 * t218 * t85;
A0(1,21) = A0(1,13);
A0(3,21) = A0(3,13);
A0(2,22) = A0(2,14);
A0(4,22) = A0(4,14);
t227 = h1 * h3;
A0(1,23) = -t45 * (-t100 * t227 * t25 - t86 * t35 * t27) * t80;
t233 = t35 * t54;
A0(3,23) = -(-t100 * t227 * m1 * t53 + t118 * t233 - t86 * t233) * t78 * t81;
t242 = t50 * t6;
t252 = t4 * m1;
t255 = t4 * m2;
t269 = t100 * t227 * m1 * cos_theta + t86 * t35 * m2 * cos_theta - t100 * t252 * t87 + t100 * t252 * cos_slope - 0.2e1 * t100 * t255 * t87 + 0.2e1 * t100 * t255 * cos_slope - t100 * t65 * t27 - t242 * t88 + t51 * t49 - 0.2e1 * t51 * t90 + t51 * t94 - t61 * t97;
A0(1,24) = -t45 * t269 * t80;
t293 = t65 * t54;
t300 = t99 * g * h1 * t35 * t209 + t50 * t169 * h2 * t120 - t100 * t252 * t119 - 0.2e1 * t100 * t255 * t119 + t100 * t252 * t53 + 0.2e1 * t100 * t255 * t53 + 0.2e1 * t50 * t169 * t122 - t100 * t293 - t242 * t120 - 0.2e1 * t51 * t126 + t51 * t129 + t74 * t293 + t86 * t68;
A0(3,24) = -t300 * t78 * t81;
t303 = pw * cos_slope;
t306 = t50 * t13;
t307 = t10 * pw;
A0(2,25) = (t100 * t31 * t303 - t61 * t48 * t303 + t306 * t307 * cos_slope) * t80 * t45;
t314 = pw * t53;
t331 = t31 * t314;
A0(4,25) = t45 * (t50 * t65 * h3 * t7 * t303 * cos_theta + t118 * t7 * t314 + 0.2e1 * t306 * t307 * t53 - 0.4e1 * t61 * t48 * t314 + 0.2e1 * t51 * t57 * t314 + t100 * t331 + t74 * t331) * t85;
out.A0 = A0; 
At = zeros(4,25); 
t4 = h1 ^ 2;
t5 = h2 ^ 2;
t6 = t4 * t5;
t7 = m1 * m2;
t10 = m2 ^ 2;
t11 = t10 * cos_slope;
t17 = h1 * t5;
t21 = t5 ^ 2;
t24 = I2 * t4;
t27 = m2 * cos_slope;
t30 = I2 * h1;
t44 = -0.2e1 * h1 * h2 * t11 * t5 - 0.2e1 * h2 * m2 * t30 * cos_slope + h3 * m1 * t30 * cos_theta + h3 * t17 * t7 * cos_theta + I2 * I3 * cos_slope + I2 * t27 * t5 + I3 * t27 * t5 + m1 * t24 * cos_slope + t10 * t21 * cos_slope + t6 * t7 * cos_slope + t11 * t6 + 0.2e1 * t24 * t27;
t45 = 0.1e1 / t44;
t46 = t4 * h2;
t48 = t17 * m2;
t51 = 0.1e1 / Tss;
t52 = t45 * (-m2 * t46 + t30 + t48) * t51;
At(1,15) = -t52;
t53 = t4 * h1;
t59 = t46 * t27;
t64 = t17 * t27;
t66 = t30 * cos_slope;
t70 = 0.1e1 / cos_slope;
t72 = t51 * t45;
t73 = (h3 * m1 * t4 * cos_theta + I3 * h1 * cos_slope + m1 * t53 * cos_slope + 0.2e1 * m2 * t53 * cos_slope - 0.4e1 * t59 + 0.2e1 * t64 + t66) * t70 * t72;
At(3,15) = -t73;
At(2,16) = t52;
At(4,16) = t73;
t76 = t45 * (-t48 - t30) * t51;
At(1,17) = -t76;
t79 = (t59 - t64 - t66) * t70 * t72;
At(3,17) = -t79;
At(2,18) = t76;
At(4,18) = t79;
out.At = At; 
U1 = sqrt((4 * A0(1,1) * A0(3,3) + A0(1,3) ^ 2 - 2 * A0(3,1) * A0(1,3) + A0(3,1) ^ 2));
V1 = sqrt(0.2e1 * sqrt((4 * A0(1,1) * A0(3,3) + A0(1,3) ^ 2 - 2 * A0(3,1) * A0(1,3) + A0(3,1) ^ 2)) + (2 * A0(1,3)) + (2 * A0(3,1)));
W1 = sqrt(-0.2e1 * sqrt((4 * A0(1,1) * A0(3,3) + A0(1,3) ^ 2 - 2 * A0(3,1) * A0(1,3) + A0(3,1) ^ 2)) + (2 * A0(1,3)) + (2 * A0(3,1)));
t4 = V1 / 0.2e1;
t5 = W1 / 0.2e1;
out.w(1) = t4;
out.w(2) = -t4;
out.w(3) = t5;
out.w(4) = -t5;

 
 
out.Ur1 = zeros(25,25); 
t4 = A0(1,3);
t5 = U1 * t4;
t6 = A0(3,9);
t9 = U1 * A0(1,9);
t10 = A0(3,3);
t14 = A0(1,1);
t16 = A0(3,1);
t19 = 0.1e1 / (t14 * t10 - t16 * t4);
t21 = 0.1e1 / U1;
out.Ur1(1,9) = -(0.4e1 * t9 * t10 - 0.4e1 * t5 * t6) * t19 * t21 / 0.4e1;
t24 = U1 * t14;
out.Ur1(3,9) = (0.4e1 * t9 * t16 - 0.4e1 * t24 * t6) * t19 * t21 / 0.4e1;
out.Ur1(9,9) = 0.1e1;
t31 = A0(2,4);
t32 = U1 * t31;
t33 = A0(4,10);
t36 = U1 * A0(2,10);
t37 = A0(4,4);
t41 = A0(2,2);
t43 = A0(4,2);
t46 = 0.1e1 / (-t31 * t43 + t41 * t37);
out.Ur1(2,10) = -(-0.4e1 * t32 * t33 + 0.4e1 * t36 * t37) * t46 * t21 / 0.4e1;
t50 = U1 * t41;
out.Ur1(4,10) = (-0.4e1 * t50 * t33 + 0.4e1 * t36 * t43) * t46 * t21 / 0.4e1;
out.Ur1(10,10) = 0.1e1;
t57 = A0(3,11);
t60 = U1 * A0(1,11);
out.Ur1(1,11) = -(0.4e1 * t60 * t10 - 0.4e1 * t5 * t57) * t19 * t21 / 0.4e1;
out.Ur1(3,11) = (0.4e1 * t60 * t16 - 0.4e1 * t24 * t57) * t19 * t21 / 0.4e1;
out.Ur1(11,11) = 0.1e1;
t73 = A0(4,12);
t76 = U1 * A0(2,12);
out.Ur1(2,12) = -(-0.4e1 * t32 * t73 + 0.4e1 * t76 * t37) * t46 * t21 / 0.4e1;
